URLS skaičius: 20
kevinhartnation.com
TIME.com.
Biography.com
facebook.com.
youtube.com.
Billypenn.com.
TheGrio.com.
Philadelphia.cbslocal.com.
Livenation.com.
Grantland.com
BlackAmericaWeb.com.
onlocationvacations.com.
www.mediapost.com.
awards.realscreen.com.
TheBoombox.com
Comingsoon.net
www.cnn.com.
TheComicsComic.com.
TMZ.com.
Emmys.com.

ŽODIS                        KIEKIS    EILUČIŲ NR.
1                             6         91  131 422 425 490 
1.1                           2         282 285 
1.2                           2         285 286 
10                            5         394 466 486 487 488 
100                           2         37  388 
11                            13        304 410 415 423 424 429 434 461 467 485 491 
12                            6         224 416 422 444 461 462 
13                            5         124 389 390 414 483 
14                            13        52  119 388 405 423 442 444 445 447 448 449 450 469 
15                            10        50  61  388 421 453 462 476 477 483 485 
16                            9         52  406 409 423 442 447 453 475 485 
17                            4         175 411 438 445 
18                            11        73  124 391 401 402 426 443 454 456 498 
19                            8         400 412 413 419 430 452 458 477 
1979                          3         18  35  518 
2                             17        35  61  197 205 352 370 382 404 408 414 417 425 428 486 487 489 490 
20                            12        75  403 408 415 447 479 492 496 
2002                          5         35  57  162 218 
2003                          4         31  35  122 163 
2004                          5         35  165 220 309 324 
2005                          5         35  122 167 223 325 
2006                          2         169 225 
2007                          3         171 230 310 
2008                          3         57  172 232 
2009                          5         50  56  141 177 235 
2010                          10        35  37  50  100 102 122 126 142 178 239 
2011                          9         31  37  50  96  143 181 240 311 
2011.                         2         393 452 
2012                          11        35  59  63  96  184 242 312 326 453 454 
2012.                         13        391 392 399 401 402 410 415 452 453 454 479 
2013                          9         35  37  50  59  63  119 144 187 245 
2013.                         11        404 413 416 417 453 455 475 477 478 481 
2014                          9         35  61  66  124 190 249 313 329 
2014.                         16        126 398 410 411 412 413 414 419 420 425 480 
2015                          11        35  37  52  67  96  195 252 342 407 
2015.                         19        388 399 403 405 406 407 409 416 418 419 456 457 
2016                          17        32  35  52  67  84  96  145 152 197 254 256 314 348 458 
2016.                         26        37  389 390 391 397 402 405 407 409 414 415 421 424 425 435 436 455 456 458 469 470 479 482 483 
2017                          10        35  37  67  84  87  110 201 265 315 358 
2017.                         60        126 388 389 390 392 393 399 404 410 411 413 414 416 417 422 423 435 436 444 452 454 455 456 457 469 470 471 475 476 477 478 480 481 483 484 485 493 
2018                          15        16  69  84  98  100 138 204 269 316 372 378 423 458 476 
2018.                         24        35  398 424 437 450 459 460 461 462 463 485 
2019                          14        71  84  87  100 131 146 205 276 317 379 448 449 459 
2019.                         22        398 426 438 439 440 441 449 464 465 489 490 491 
2020                          10        75  89  102 126 147 282 381 498 
2020.                         38        394 395 396 427 442 443 444 445 446 447 448 449 450 466 467 486 487 488 489 498 
2021                          5         73  208 289 293 384 
2021.                         22        403 408 427 428 429 430 432 448 494 496 497 
2022                          9         79  93  113 150 210 297 385 472 
2022.                         31        397 402 409 415 425 429 431 435 438 439 440 441 443 446 453 454 460 473 479 482 484 488 495 
2023                          5         133 148 213 301 386 
2023.                         8         400 433 451 474 492 
2024                          5         81  104 214 304 519 
2024.                         5         394 434 468 
21                            4         124 420 484 
22                            9         409 420 433 446 474 478 481 
23                            7         133 413 432 439 458 491 
24                            9         102 412 419 421 424 431 451 476 492 
25                            6         225 391 421 431 450 491 
26                            10        98  411 435 436 437 451 497 
27                            4         392 395 396 422 
28                            3         404 437 469 
29                            34        124 397 399 402 403 409 410 415 425 429 435 438 439 440 441 443 446 448 453 454 460 472 473 479 482 484 
3                             15        35  100 163 221 241 389 392 398 402 428 455 480 482 
30                            9         52  392 407 430 470 486 489 498 
31                            4         399 419 454 487 
35                            2         59  181 
4                             18        33  100 169 230 394 405 406 407 444 459 464 467 470 
40YearOld                     2         57  167 
5                             10        119 414 418 455 456 457 459 468 475 478 
6                             18        18  35  40  398 401 405 418 427 430 445 458 461 462 471 489 
7                             42        42  52  100 388 389 390 393 399 404 406 410 411 413 414 416 417 426 434 436 441 449 452 455 456 457 460 463 469 470 471 477 478 480 481 483 488 
8                             18        100 102 393 397 435 436 452 457 465 466 468 471 475 480 481 519 
9                             8         52  75  102 393 398 428 465 466 
A                             6         63  81  124 298 409 486 
AOL.                          2         452 486 
ATT                           2         52  91  
About                         6         35  191 329 401 483 489 
Academy                       5         100 459 
Actor                         18        326 329 331 343 346 349 351 358 359 361 364 374 376 381 384 386 390 467 
Actor:                        3         338 353 357 
After                         6         35  44  48  461 489 
Album                         2         372 385 
All                           2         231 282 
Along                         14        35  61  165 190 197 329 334 338 352 370 410 414 
Along.                        2         411 413 
Amanda                        2         455 456 
American                      6         12  35  518 
And                           4         410 413 425 481 
Angeles                       2         113 
Animated                      4         363 366 382 419 
Animation                     2         420 
Apatow                        2         35  96  
April                         19        52  93  119 388 390 394 395 396 413 415 416 421 423 424 440 477 488 
Archived                      94        388 389 390 391 392 393 397 398 399 401 402 403 404 405 406 407 408 409 410 411 412 413 414 415 416 417 418 419 420 421 422 423 424 425 426 427 428 429 430 432 435 436 437 438 439 440 441 442 443 444 445 446 447 448 449 450 452 453 454 455 456 457 458 459 460 461 462 463 464 465 466 467 469 470 471 475 477 478 479 480 481 482 483 484 485 486 487 488 489 490 491 496 497 498 
Are                           2         409 425 
Arnold                        2         77  295 
Artist                        2         308 336 
As                            9         42  89  91  107 126 410 447 461 
Association                   3         102 466 467 
August                        29        52  113 119 124 133 392 398 404 407 408 414 427 431 445 454 469 472 473 477 478 483 487 489 492 498 
Award                         4         323 325 345 518 
Awards                        44        63  89  96  100 240 242 256 322 324 326 327 329 330 333 334 337 342 344 346 347 348 349 352 353 358 364 366 371 372 373 374 375 376 378 379 381 383 385 386 448 453 458 498 516 
Awards.                       3         100 450 459 
BET                           7         63  96  240 325 326 329 346 
BETs                          3         225 417 452 
Back                          4         213 300 309 427 
Balls                         3         89  91  280 
Barber                        2         190 197 
Basketball                    2         394 395 
Battle                        3         255 259 
Because                       2         48  409 
Being                         2         461 491 
Ben                           3         61  190 197 
Best                          12        326 329 334 335 344 346 352 369 370 372 375 385 
Bieber                        2         252 457 
Big                           5         157 222 324 454 483 
Bill                          3         116 229 468 
Black                         11        67  84  225 232 278 303 315 336 373 375 
Borys                         4         435 438 440 441 
Box                           2         412 
Brady                         2         305 468 
Bryant                        2         42  394 
By                            3         420 425 520 
CBS                           2         406 478 
CEO                           2         75  84  
CJ                            2         163 169 
CNN.                          3         477 485 492 
Cable                         4         350 351 360 361 
California                    3         113 119 124 
Camp                          2         394 395 
Cannon                        3         63  417 496 
Cant                          2         154 493 
Captain                       5         35  67  201 373 420 
Car                           2         489 491 
Career                        2         46  415 
Cedric                        2         184 192 
Celebrity                     4         221 287 290 302 
Center                        2         52  
Central                       10        35  67  96  198 220 252 357 369 418 
Charge                        2         158 495 
Charles                       2         56  194 
Check                         2         148 321 
Chocolate                     5         107 152 314 469 
Choice                        36        89  324 325 327 328 333 337 338 339 340 341 347 349 353 354 355 356 357 358 366 371 374 376 377 378 379 380 381 
Chris                         6         48  63  84  116 150 437 
Claus                         2         84  435 
CoHost                        3         262 263 289 
Cold                          5         89  91  280 447 
College                       4         22  44  398 518 
CollegeHumor                  2         251 272 
Columbus                      2         52  
Comedian                      10        341 347 355 371 377 380 390 442 467 478 
Comedians                     2         250 475 
Comedic                       7         334 344 345 349 352 359 362 
Comedy                        33        96  136 220 226 252 325 330 331 338 342 343 348 350 353 360 364 372 376 378 379 384 385 386 401 420 423 433 437 440 443 445 457 
Commons                       2         503 520 
Community                     3         22  44  398 
Conan                         2         362 
Crash.                        2         489 491 
Cube                          5         335 339 362 370 410 
Dance.                        2         480 496 
Dante                         2         189 266 
Darnell                       4         17  35  40  196 
Dashing                       3         84  435 436 
Date                          3         405 433 447 
Dave                          7         116 175 291 391 392 405 
DeGeneres                     3         100 262 
Deadline                      7         410 413 419 423 427 433 437 
Deadline.                     2         447 466 
Deal                          3         424 429 446 
Death                         3         57  164 178 
December                      37        100 398 403 408 409 416 422 430 444 445 447 448 449 450 459 460 461 462 463 478 485 487 496 
Die                           7         75  91  288 384 386 428 
Diffrent                      3         77  295 430 
Disney                        2         84  436 
Dogg                          3         292 293 457 
Dont                          2         279 383 
Doug                          2         59  186 
Down                          2         237 460 
Drama                         2         384 386 
DreamWorks                    2         420 
Droppa                        5         107 152 314 469 
Drummond                      2         77  295 
Dwayne                        7         67  96  369 375 418 421 458 
Dystrophy                     3         102 466 467 
E                             2         394 483 
Edit                          4         298 512 513 517 
Ellen                         3         100 262 464 
Emmy                          3         383 386 498 
End                           2         187 336 
Engagement                    2         59  186 
Eniko                         6         32  124 482 483 484 486 
Entertainer                   2         332 408 
Entertainment                 4         434 436 463 471 
Epic                          5         35  67  171 201 373 
Episode                       13        218 226 227 233 239 244 254 274 282 283 285 286 299 
Episode:                      54        218 220 221 225 226 227 229 231 233 235 236 237 239 243 244 245 246 249 250 251 252 253 254 255 257 258 259 261 262 263 265 266 267 270 271 272 273 274 276 277 282 283 284 285 286 289 290 291 295 298 299 301 303 304 
Erik                          3         423 427 447 
Exclusive.                    5         429 435 441 443 471 
Exit                          2         59  185 
Explain                       6         37  50  144 188 336 404 
Extreme                       3         84  176 440 
F.                            2         81  432 
Facebook                      2         50  89  
Facts                         2         272 295 
Fame                          2         235 258 
Fatherhood                    3         73  208 427 
Favorite                      16        333 349 350 351 358 359 360 361 362 363 366 367 374 381 382 454 
February                      11        389 392 406 412 443 449 458 476 480 
Festival                      2         138 336 
Field                         2         406 407 
Film                          7         54  138 160 336 365 420 429 
Financial                     4         40  52  406 407 
Finbar                        2         203 207 
First                         6         35  67  201 373 433 480 
FirstLook                     2         424 429 
Fit                           6         89  91  275 328 340 354 
Five                          2         194 346 
FiveYear                      2         59  186 
Fleming                       4         410 413 419 437 
Fockers                       2         35  179 
For                           4         12  413 423 447 
Forever                       2         369 370 
Form                          2         384 386 
France                        2         485 492 
Franklin                      2         203 207 
Friends                       2         369 370 
From                          7         11  89  366 403 423 455 460 
Front                         2         77  295 
Funeral                       2         57  178 
Funny                         4         37  50  142 333 
Galuppo                       3         426 438 439 
Game                          2         221 287 
Gary                          2         81  432 
Generation                    2         245 417 
George                        3         44  116 201 
Get                           6         35  67  196 298 310 483 
Gillan                        2         67  375 
Given                         2         147 385 
Grammy                        2         372 385 
Gray                          2         81  432 
Greg                          2         231 466 
Grown                         3         37  50  141 
Grudge                        5         35  59  189 333 336 
Guest                         7         224 260 262 263 281 298 456 
Hard                          3         35  67  196 
Hart                          180       1   12  14  16  17  29  35  40  42  44  48  50  52  56  57  59  61  63  66  67  69  71  73  75  77  79  81  84  87  89  91  96  98  100 102 104 110 112 113 116 119 122 124 126 128 131 133 138 220 246 251 253 255 257 261 264 265 266 268 272 273 284 288 292 293 296 298 384 386 389 390 392 393 394 395 398 399 400 402 403 406 409 410 416 418 419 421 423 424 425 426 428 429 430 431 432 433 434 435 436 437 438 439 440 441 442 445 446 451 454 455 456 458 459 460 461 462 463 464 465 468 470 471 472 475 476 477 478 479 480 482 483 484 485 486 489 490 491 492 493 494 495 497 500 510 511 512 513 515 516 
Hart.                         3         89  401 467 
Hart:                         19        52  89  107 152 182 188 200 275 279 326 336 372 383 388 397 405 407 481 
HartBeat                      2         69  
Hartbeat                      6         13  93  
Harts                         28        37  40  48  50  52  63  71  75  113 278 280 289 290 404 408 415 427 428 443 444 447 466 469 473 474 487 488 
He                            27        35  37  40  42  44  48  57  59  67  77  81  96  100 107 119 126 131 133 406 445 
Head                          3         59  158 185 
Heart                         2         296 316 
Heist                         2         81  306 
Help                          2         229 
Hendon                        2         488 
High                          2         44  272 
Hill                          2         396 
Himself                       56        182 187 188 200 209 218 220 221 225 226 227 232 233 235 236 243 245 246 247 250 251 253 254 257 258 260 261 265 266 267 270 271 272 273 276 277 278 279 281 283 284 285 286 290 291 297 298 299 301 303 309 310 311 312 315 316 
Himself/Guest                 6         244 249 262 263 274 289 
Himself/Host                  17        234 240 242 248 256 264 268 269 275 280 287 292 293 296 300 302 305 
His                           10        40  48  50  96  393 394 395 475 
Hissy                         3         328 340 354 
History                       3         225 278 406 
Hollywood                     23        35  63  150 247 329 330 337 342 346 350 360 364 417 426 429 430 435 438 439 440 441 443 446 
Hollywood.                    7         410 413 419 423 427 433 437 
Hollywoods                    2         63  474 
Host                          6         248 257 454 456 458 459 
Hosting                       2         95  460 
House                         6         48  112 113 222 298 324 
How                           7         158 394 403 408 445 471 495 
HuffPost.                     2         409 479 
Husbands                      14        35  63  150 247 297 329 330 337 342 346 350 360 364 417 
I                             8         48  100 154 261 398 445 462 493 
ISBN                          3         493 494 495 
Ice                           6         61  335 339 362 370 410 
Im                            5         37  50  141 462 481 
Image                         3         330 342 364 
In                            32        35  37  59  61  63  67  69  71  73  75  79  81  84  87  89  96  104 110 113 168 224 437 475 
Inc.                          2         228 520 
Inks                          2         424 446 
Intelligence                  6         35  67  198 357 369 418 
Irresponsible                 2         146 320 
Is                            11        59  187 261 285 336 425 454 461 473 474 491 
It                            5         48  71  73  107 157 
Itzkoff                       2         391 392 
Jack                          3         67  315 375 
James                         3         223 228 453 
January                       64        61  77  81  100 397 398 399 402 409 411 412 415 417 419 420 425 426 427 429 435 438 439 440 441 443 446 453 454 456 460 464 465 475 479 482 484 485 497 
Jeff                          2         75  259 
Jeopardy                      2         281 282 
Jerry                         2         102 116 
Jimmy                         2         195 313 
Job                           2         84  440 
Joe                           2         309 424 
John                          2         110 430 
Johnson                       7         67  369 375 399 418 421 458 
Jonas                         2         315 375 
Jr.                           5         189 410 413 419 437 
Judd                          3         35  96  454 
July                          13        18  35  40  52  75  388 403 404 410 444 451 458 498 
Jumanji                       4         35  315 421 
Jumanji:                      5         67  203 207 374 381 
June                          11        73  75  413 422 426 428 441 447 451 452 
Jungle                        3         67  203 374 
Justin                        5         96  252 414 421 457 
Karen                         2         67  375 
Kelly                         2         263 289 
Kevin                         150       1   12  14  17  35  40  52  89  102 107 138 152 182 188 200 220 222 229 246 251 253 255 257 261 262 263 265 266 268 272 273 275 278 279 280 284 289 290 292 293 297 298 326 336 372 383 388 390 392 393 394 395 397 398 399 400 401 402 403 404 405 406 407 408 409 410 415 416 418 419 421 423 424 425 426 427 428 429 430 431 432 433 434 435 436 437 438 439 440 441 442 443 444 445 446 447 451 454 455 456 458 459 460 461 462 463 464 465 466 467 468 469 470 471 472 473 474 475 476 477 478 479 480 481 482 483 484 485 486 487 488 489 490 491 492 493 494 495 497 500 510 511 512 513 515 516 
Kevins                        2         235 316 
Kids                          5         102 333 366 374 381 
Kit                           4         435 438 440 441 
Kobe                          3         42  394 395 
Kondolojy                     2         455 456 
Kroll                         2         414 421 
L.                            2         475 482 
LGBTQ                         2         100 463 
LOL                           7         87  89  466 
Lamont                        3         42  396 
Last                          6         35  170 191 329 455 456 
Laugh                         16        37  50  75  86  87  93  143 182 326 442 443 444 445 
Let                           7         37  50  144 183 188 336 404 
Level                         3         207 268 381 
Lewis                         2         196 455 
Life                          13        35  67  71  154 199 205 295 363 365 382 391 393 493 
Lift                          3         81  214 432 
Like                          8         35  59  180 184 192 312 327 346 
Lil                           4         48  193 310 317 
Lincoln                       3         52  406 407 
Lionsgates                    2         87  438 
Lisa                          2         485 492 
Little                        7         35  37  50  57  141 179 
Live                          11        77  233 248 263 270 295 396 407 430 455 456 
Look                          2         250 433 
Los                           3         113 478 
Loud                          9         37  75  86  93  442 443 444 445 
Louis                         2         179 419 
Love                          3         228 304 462 
Lyft                          2         89  91  
MDA                           4         102 467 
MTV                           12        96  242 256 334 344 352 375 453 458 496 
Main                          26        222 230 232 234 238 240 242 247 256 264 268 269 275 278 279 280 287 288 292 293 294 296 297 300 302 305 
Make                          5         154 391 406 493 496 
Makes                         3         156 157 494 
Male                          3         324 327 382 
Man                           14        35  37  50  59  141 184 185 192 210 306 312 327 346 462 
Mannequin                     2         59  185 
Marc                          3         42  396 
March                         14        389 402 407 414 415 434 452 455 456 457 476 481 
Marcus                        3         156 157 494 
Mark                          3         79  263 431 
Martin                        2         63  414 
Masked                        3         81  304 434 
Match                         5         35  59  189 333 336 
Matt                          3         208 433 462 
May                           18        113 405 410 418 425 433 448 453 454 468 474 489 519 
Me                            12        37  50  79  107 144 188 212 229 314 336 404 431 
Media                         2         93  503 
Mia                           3         426 438 439 
Mike                          5         410 413 419 437 463 
Million                       2         284 306 
Mix                           2         35  168 
Mixtape                       2         107 152 
Monopoly                      2         84  438 
Monsters                      2         158 495 
More                          2         297 
Most                          4         50  246 368 388 
Motown                        2         107 470 
Mouse                         2         203 207 
Movie                         35        35  57  67  89  96  156 163 169 171 174 176 201 249 256 328 334 338 344 349 352 353 357 358 359 363 366 373 374 375 376 379 381 382 458 
Movie.                        4         393 419 438 494 
Movie:                        4         327 339 340 354 
Muscular                      3         102 466 467 
Music                         5         96  106 242 307 453 
My                            6         37  50  143 182 326 
NAACP                         3         330 342 364 
NBC                           2         465 490 
NOW                           2         407 
Nancy                         2         40  389 
Net                           2         408 487 
Netflix                       6         73  77  81  104 429 431 
Network                       5         37  87  444 445 466 
New                           7         44  391 392 420 446 455 473 
News.                         8         394 453 464 465 483 489 490 496 
Next                          3         207 268 381 
Nick                          7         63  81  315 375 417 460 496 
Nickelodeon                   5         333 366 374 381 424 
Night                         14        35  69  96  191 204 248 249 259 329 379 423 455 456 
Nominated                     14        324 327 334 337 339 342 346 350 352 358 360 370 379 386 
Not                           2         13  177 
Notes                         2         161 217 
November                      51        113 122 124 388 389 390 393 397 399 404 410 411 413 414 416 417 422 430 435 436 442 445 447 450 452 455 456 457 469 470 471 475 477 478 480 481 483 484 
Now                           13        37  52  107 145 152 200 258 319 372 405 469 
Numbers.                      2         455 456 
October                       35        52  56  63  69  84  102 391 399 400 401 402 405 419 424 425 428 435 436 437 466 469 479 482 486 489 
Of                            2         409 447 
Office                        4         40  298 412 
Old                           4         91  460 461 462 
On                            20        52  75  100 102 107 119 124 131 133 301 314 413 432 466 479 
OnScreen                      2         335 375 
One                           3         209 259 311 
Originals                     2         251 272 
Oscars                        4         96  461 463 464 
Out                           13        37  75  86  87  93  230 269 442 443 444 445 491 
Outstanding                   10        330 331 342 343 364 365 373 383 384 386 
Over                          2         453 460 
Pain                          6         37  50  143 182 326 
Paper                         3         35  57  162 
Parade                        2         408 
Parrish                       2         32  482 
Pedersen                      2         423 447 
Pennsylvania                  2         19  389 
People.                       4         388 482 484 491 
Peoples                       3         349 358 378 
Performance                   5         334 344 352 365 373 
Pets                          8         35  71  199 205 363 365 382 419 
Philadelphia                  7         19  22  40  44  48  518 
Plane                         3         35  57  166 
PlantBased                    2         473 474 
Play                          3         235 409 435 
Poker                         2         232 488 
PokerStars                    2         126 
Premiere                      3         433 443 447 
Presents                      4         107 152 220 259 
Presents:                     2         206 268 
Press                         3         420 467 498 
Primetime                     3         383 386 498 
Productions                   5         13  69  86  93  
Push                          2         107 314 
Real                          16        35  63  150 247 297 329 330 337 342 346 350 360 364 416 417 
Reality                       4         148 321 337 383 
Realscreen                    2         89  448 
Recurring                     7         219 223 228 241 248 260 281 
Relaunch                      2         466 467 
Release                       3         405 423 498 
Remake                        2         440 441 
Reporter.                     10        426 429 430 435 438 439 440 441 443 446 
Respers                       2         485 492 
Retrieved                     103       388 389 390 391 392 393 394 397 398 399 400 401 402 403 404 405 406 407 408 409 410 411 412 413 414 415 416 417 418 419 420 421 422 423 424 425 426 427 428 429 430 431 432 433 434 435 436 437 438 439 440 441 442 443 444 445 446 447 448 449 450 451 452 453 454 455 456 457 458 459 460 461 462 463 464 465 466 467 468 469 470 471 475 476 477 478 479 480 481 482 483 484 485 486 487 488 489 490 491 492 496 497 498 
Rich.                         2         408 481 
Richard                       2         116 476 
Ride                          15        35  61  190 197 329 334 338 352 370 410 411 413 414 
Ringer                        4         195 344 346 349 
Roast                         7         96  104 252 259 305 
Robin                         2         63  416 
Robinson                      2         56  116 
Rock                          3         84  116 437 
Roku                          2         75  89  
Role                          4         161 217 308 409 
Rolling                       3         403 454 
Ross                          2         259 312 
Rotten                        2         411 511 
Santa                         4         84  124 435 436 
Saturday                      5         96  248 267 455 456 
Scary                         4         35  57  163 169 
School                        8         35  44  193 204 272 379 423 496 
Scott                         2         98  202 
Season                        6         224 230 234 241 304 428 
Second                        2         245 417 
Secret                        8         35  67  71  199 205 363 365 382 
September                     33        98  102 124 126 131 393 394 405 406 407 423 432 446 466 467 470 486 487 488 490 491 492 
Series                        9         330 331 342 343 364 384 386 428 443 
Seriously                     3         37  50  142 
Set                           2         405 423 
Shark                         3         271 299 
Short                         2         384 386 
Show                          4         262 272 289 337 
Singer                        3         81  304 434 
Snoop                         3         292 293 457 
Snow                          2         84  435 
Snowball                      3         71  199 205 
Soldiers                      2         35  162 
Songz                         2         107 314 
Sonny                         2         79  212 
Soul                          3         35  57  166 
StandUp                       2         285 443 
Standup                       2         47  393 
Star                          5         324 333 430 438 497 
Stars                         2         232 249 
Stone.                        2         403 454 
Story                         2         294 395 
Straight                      2         89  474 
Strategy                      2         59  185 
Stream                        2         466 469 
Streamy                       2         89  450 
Strokes                       2         77  295 
Student                       2         40  389 
Studio                        2         77  295 
Studios                       2         87  93  
Sweet                         2         237 482 
TOUR                          2         407 
TV                            9         35  96  324 350 351 360 361 455 456 
Taking                        2         158 495 
Talks                         3         435 479 489 
Tame                          2         158 495 
Taylor                        3         84  173 237 
Teddy                         2         204 210 
Teen                          8         324 327 337 347 353 371 376 379 
Telethon                      3         102 466 467 
Television                    5         149 216 303 365 498 
Thanks                        2         284 290 
That                          3         100 300 462 
The                           89        35  48  52  57  59  61  63  67  71  75  79  81  84  89  102 104 107 113 122 152 155 167 170 186 195 199 201 202 205 207 209 210 222 231 238 245 254 262 268 275 282 289 295 298 304 305 306 324 344 346 349 363 365 373 378 381 382 388 391 392 413 420 422 425 429 430 435 438 439 440 441 443 446 450 462 468 469 479 488 
Their                         2         124 483 
Them:                         2         158 495 
They                          2         124 
Thicke                        3         63  416 
Think                         7         35  59  184 192 312 327 346 
This                          12        12  59  154 187 261 279 285 313 336 383 493 519 
Through                       3         84  435 436 
Time                          6         37  212 282 301 311 431 
Times.                        2         391 392 
Title                         2         161 217 
To                            13        243 406 409 410 419 420 427 437 453 466 473 478 496 
Tom                           3         104 305 468 
Too                           2         192 346 
Top                           5         194 225 346 348 420 
Torrei                        2         29  122 
Tour                          6         52  319 320 321 348 
Trey                          3         107 174 314 
Twitter                       2         50  512 
Two                           2         100 439 
Undeclared                    3         35  96  219 
Underpants:                   4         35  67  201 373 
Universal                     4         52  69  410 437 
Universal.                    2         423 440 
University                    2         40  389 
Up                            5         279 300 383 455 489 
Up:                           2         154 493 
Upside                        2         71  202 
Variety.                      8         405 414 421 424 445 457 462 497 
Video                         4         96  242 442 453 
View                          2         6   7   
Virgin                        2         57  167 
Voice                         6         363 366 373 382 419 420 
Voices                        2         158 495 
WHAT                          2         407 
Wahlberg                      2         79  431 
Wayans                        4         245 266 417 430 
Wedding                       5         67  195 344 346 349 
Week                          2         271 
Weekend                       2         412 414 
Weekly.                       3         434 436 463 
Welcome                       4         67  203 374 484 
What                          17        37  52  89  91  107 145 152 200 275 319 372 405 409 431 469 
When                          2         406 489 
Wikidata                      3         512 513 517 
Wikipedia                     2         11  520 
Will                          5         67  437 444 459 466 
With                          10        272 394 424 432 446 455 456 462 496 
Won                           12        326 330 336 338 341 345 348 351 357 359 367 378 
Work                          2         135 323 
Worlds                        3         246 388 422 
Year                          7         161 217 300 308 323 332 336 
York                          3         44  391 392 
You                           4         229 250 313 489 
YouTube                       3         50  89  
YouTube.                      3         89  396 400 
Your                          4         158 304 473 495 
Zero                          2         147 385 
a                             98        35  37  40  42  44  48  50  52  57  59  61  63  67  69  71  73  75  77  79  81  84  87  96  100 113 119 122 124 128 131 133 141 156 164 178 180 184 192 243 284 295 311 312 327 331 343 346 364 384 386 477 491 494 520 
able                          3         100 113 
about                         7         12  40  73  113 128 402 485 
actor.                        2         12  35  
actorsAmerican                3         518 
addition                      2         75  96  
after                         13        40  73  79  87  96  100 119 122 434 464 490 492 
age                           2         18  133 
all                           2         50  87  
alongside                     3         79  81  126 
also                          13        35  40  50  59  69  71  96  98  126 306 
amassed                       2         89  91  
an                            15        35  40  48  67  84  96  100 110 131 366 382 471 
and                           111       12  35  37  40  42  44  48  50  54  56  57  59  63  67  69  71  75  81  84  87  89  91  93  98  100 102 107 110 113 116 119 122 124 126 128 131 133 158 181 209 238 263 293 309 310 312 315 322 346 362 375 408 418 429 431 451 455 456 458 474 484 486 487 491 495 520 
announced                     4         52  69  100 102 
annual                        2         37  102 
apologizes                    2         463 465 
apology                       2         100 
appeared                      5         59  110 
are                           2         50  113 
around                        2         84  126 
as                            30        35  40  44  50  57  59  61  63  75  81  84  91  96  100 116 126 133 280 
at                            34        37  40  42  48  50  52  57  84  102 131 138 143 178 182 233 311 326 393 407 440 458 491 501 510 511 512 513 517 519 
available                     2         50  520 
back                          3         131 133 490 
backlash                      2         100 
basketball                    2         42  
be                            10        13  48  52  84  100 102 113 
became                        3         87  124 126 
began                         2         48  50  
being                         2         48  492 
billion                       2         89  91  
born                          6         35  40  122 124 
box                           2         59  61  
brand                         2         75  91  
by                            17        40  48  50  81  84  100 102 113 126 235 428 455 456 467 468 
career                        3         48  63  96  
cast                          13        35  219 222 223 228 232 238 247 278 279 288 294 297 
cast:                         3         224 230 241 
celebrity                     2         63  
chains                        2         113 472 
child                         2         124 
citing                        2         57  122 
claimed                       2         44  113 
comedian                      6         12  35  100 102 399 477 
comediansAfricanAmerican      2         518 
comediansAmerican             2         518 
comedic                       3         37  48  87  
comedy                        12        35  37  48  50  52  75  79  81  84  436 
company                       5         69  87  91  93  
competitions                  2         35  48  
content                       3         69  91  126 
continued                     2         37  131 
critics                       2         61  100 
custody                       2         84  122 
daughter                      3         73  122 124 
days                          2         100 131 
deal                          4         69  77  
debuted                       2         75  113 
develop                       2         48  69  
did                           2         48  63  
died                          2         40  
digital                       2         87  91  
divorce                       3         84  122 
do                            3         48  100 
dont                          3         100 398 
down                          4         57  100 131 463 
drama                         2         71  73  
driving                       3         119 477 
dumbest                       2         133 492 
during                        2         63  468 
duties                        2         100 102 
earned                        2         67  126 
eleven                        2         81  
event                         2         102 126 
executive                     2         75  306 
experiences.                  2         48  399 
fastfood                      2         113 472 
father                        3         40  
featuring                     5         52  107 309 310 312 
fictionalized                 2         35  63  
film                          18        35  52  57  59  61  69  71  79  81  84  107 518 
filmed                        2         52  63  
films                         3         35  57  67  
first                         10        35  37  48  69  71  75  77  96  124 
firstlook                     2         69  
following                     2         100 
for                           24        40  48  63  69  87  91  96  100 110 119 122 126 155 236 405 412 428 439 441 474 516 
former                        3         102 133 468 
four                          2         37  87  
franchise                     3         35  57  
free                          3         11  79  113 
friend                        2         79  96  
from                          120       40  44  50  61  81  89  100 102 113 131 210 382 388 389 390 391 392 393 397 398 399 401 402 403 404 405 406 407 408 409 410 411 412 413 414 415 416 417 418 419 420 421 422 423 424 425 426 427 428 429 430 432 435 436 437 438 439 440 441 442 443 444 445 446 447 448 449 450 452 453 454 455 456 457 459 460 461 462 463 464 465 466 467 469 470 471 475 477 478 479 480 481 482 483 484 485 486 487 488 489 490 491 496 497 498 502 503 504 505 506 507 508 518 
future                        2         42  
gave                          2         96  98  
get                           2         100 417 
grow                          2         37  100 
had                           13        35  42  44  57  59  75  98  100 102 124 
has                           22        35  37  40  48  50  63  69  89  91  96  98  100 116 126 128 
having                        2         48  124 
he                            26        37  44  48  67  69  81  89  100 107 119 124 126 133 465 
held                          3         100 102 
her                           2         40  124 
him                           10        35  37  50  73  84  96  100 
himself                       5         35  59  81  84  434 
his                           40        35  37  40  48  50  57  63  69  71  73  75  79  84  89  96  100 107 116 119 128 133 
host                          24        81  100 102 240 242 244 256 262 263 264 268 269 274 275 280 287 292 293 296 300 302 305 465 
hosted                        8         96  98  100 104 
hosting                       3         100 463 
humor                         2         40  399 
if                            2         100 
in                            105       16  35  37  40  44  48  50  52  56  57  59  61  63  66  67  71  73  77  79  81  84  87  93  96  100 110 113 122 126 131 158 225 250 295 310 331 343 364 384 386 393 399 418 430 434 435 436 438 443 444 462 492 495 497 
including                     3         87  89  
injuries                      2         131 490 
into                          2         48  96  
is                            14        12  35  48  57  63  128 133 404 431 520 
it                            6         48  50  69  84  102 314 
its                           4         37  89  91  102 
kids                          2         69  84  
last                          3         50  465 519 
later                         7         40  44  77  81  100 124 131 
launched                      2         37  89  
life                          4         39  48  121 399 
like                          3         48  126 133 
live                          2         52  126 
longtime                      2         75  96  
m.                            2         31  32  
major                         4         61  126 131 490 
male                          11        518 
man                           4         73  84  133 492 
married                       3         63  122 124 
media                         3         87  102 
million                       2         50  67  
month                         2         81  124 
more                          4         37  63  91  
most                          3         37  40  87  
mother                        2         40  
movie                         3         50  79  84  
movies                        2         67  
name                          2         17  48  
named                         3         12  37  40  
near                          2         124 131 
new                           3         102 472 
no                            3         119 133 398 
nominations                   2         89  322 
not                           5         48  63  100 402 
numerous                      2         75  89  
of                            97        22  35  37  40  42  44  48  50  52  63  67  71  77  81  84  87  89  96  100 104 107 113 119 122 126 133 150 158 164 199 205 211 231 238 247 252 264 282 295 297 303 305 329 330 332 336 337 342 346 350 360 363 364 365 378 382 389 398 417 467 486 491 495 518 520 
office                        2         59  61  
older                         2         40  100 
on                            135       35  37  40  50  52  61  63  73  75  81  84  98  102 113 119 124 133 213 388 389 390 391 392 393 397 398 399 401 402 403 404 405 406 407 408 409 410 411 412 413 414 415 416 417 418 419 420 421 422 423 424 425 426 427 428 429 430 432 435 436 437 438 439 440 441 442 443 444 445 446 447 448 449 450 451 452 453 454 455 456 457 459 460 461 462 463 464 465 466 467 469 470 471 472 475 477 478 479 480 481 482 483 484 485 486 487 488 489 490 491 496 497 498 512 519 
one                           9         50  89  96  98  100 119 126 133 465 
open                          2         48  63  
opened                        2         113 
openly                        2         100 128 
or                            5         113 251 365 384 386 
original                      94        84  388 389 390 391 392 393 397 398 399 401 402 403 404 405 406 407 408 409 410 411 412 413 414 415 416 417 418 419 420 421 422 423 424 425 426 427 428 429 430 432 435 436 437 438 439 440 441 442 443 444 445 446 447 448 449 450 452 453 454 455 456 457 459 460 461 462 463 464 465 466 467 469 470 471 475 477 478 479 480 481 482 483 484 485 486 487 488 489 490 491 496 497 498 
other                         3         12  57  63  
out                           3         40  44  87  
over                          4         50  89  100 102 
own                           3         48  57  113 
page                          2         50  519 
part                          2         81  133 
partnership                   2         37  89  
people                        4         12  37  52  100 
performance                   3         48  52  434 
platforms                     2         91  102 
played                        3         59  77  
poker                         3         126 518 
pregnant                      2         124 485 
premiered                     2         73  75  
produce                       2         69  84  
produced                      2         69  75  
producer                      2         75  306 
producers                     2         518 
production                    4         69  87  93  
projects                      2         83  501 
race                          2         133 
real                          2         63  133 
recovery                      2         131 133 
released                      8         37  50  52  61  63  107 131 
reportedly                    2         75  131 
restaurant                    4         113 472 
role                          6         35  57  67  71  75  
roles                         3         35  54  57  
said                          4         48  100 133 
screenwritersAfricanAmerican  2         518 
season                        6         63  75  81  434 
second                        5         63  75  113 124 
sequel                        2         61  71  
series                        7         35  63  75  96  149 
several                       3         35  48  100 
shared                        4         362 369 370 375 
she                           2         100 124 
show                          2         52  63  
shows                         2         48  79  
signed                        4         69  77  84  107 
since                         4         35  37  89  126 
social                        2         63  102 
some                          2         44  
son                           2         40  122 
spent                         2         44  
standup                       8         35  37  40  48  52  107 518 
star                          2         84  
starred                       9         35  61  67  71  73  79  81  
starring                      2         75  431 
start                         2         48  113 
stated                        2         63  100 
streaming                     2         37  75  
successful                    2         63  89  
such                          6         35  57  91  126 
suffered                      2         48  131 
telethon                      2         102 
television                    5         54  518 
that                          12        44  48  52  63  69  84  96  100 102 131 
the                           227       11  12  35  37  40  42  44  48  50  52  57  59  61  63  67  69  71  75  77  79  81  84  87  89  91  96  100 102 104 107 113 119 126 131 133 138 158 168 187 203 211 213 249 250 264 277 301 303 332 336 374 388 389 390 391 392 393 397 398 399 401 402 403 404 405 406 407 408 409 410 411 412 413 414 415 416 417 418 419 420 421 422 423 424 425 426 427 428 429 430 432 435 436 437 438 439 440 441 442 443 444 445 446 447 448 449 450 452 453 454 455 456 457 458 459 460 461 462 463 464 465 466 467 469 470 471 475 477 478 479 480 481 482 483 484 485 486 487 488 489 490 491 495 496 497 498 520 
theatrically                  2         52  71  
their                         5         73  102 122 124 126 
then                          2         57  96  
they                          4         84  100 122 
third                         2         77  113 
this                          7         48  50  96  512 513 517 520 
three                         2         96  119 
through                       4         50  69  102 
throughout                    2         40  48  
time                          4         44  48  465 
times                         2         48  100 
titled                        2         50  52  
to                            74        13  37  40  44  48  50  63  67  73  75  84  87  96  98  100 102 107 113 119 124 131 133 158 203 278 289 296 374 392 398 400 403 414 415 430 435 436 438 443 452 457 458 462 463 470 480 482 495 497 520 
took                          2         48  
two                           2         50  122 
under                         4         48  69  119 520 
unsuccessful                  2         48  63  
vegan                         2         113 472 
version                       2         35  63  
via                           2         472 476 
video                         2         37  91  
video.                        2         395 396 
voice                         6         67  199 201 205 211 518 
vs.                           2         255 266 
was                           32        40  42  48  52  59  61  63  69  71  84  96  100 102 119 122 124 126 131 519 
were                          4         50  96  124 131 
what                          3         48  100 
wheelchair                    2         133 492 
when                          2         35  84  
which                         9         48  50  52  59  61  63  89  93  98  
while                         2         84  124 
who                           6         40  84  96  100 
wife                          4         73  84  486 
will                          4         69  84  102 
with                          50        13  37  40  42  48  50  63  67  69  75  77  79  87  89  91  96  98  107 113 119 124 133 150 246 249 263 292 293 298 335 339 362 369 370 375 396 417 429 451 472 
worked                        2         40  91  
would                         7         40  52  84  96  100 
years                         3         50  100 119 
you                           2         100 520 
